     0/299     6.43G     0.112   0.02902         0     0.141       172       640 0.0002864 0.0003089  1.57e-06  1.57e-07   0.07824   0.01698         0
     1/299     6.44G   0.09735    0.0281         0    0.1255       203       640 3.094e-05 0.0003089 1.709e-07 1.709e-08   0.07346   0.01374         0
     2/299     6.44G   0.09786   0.02796         0    0.1258       214       640  0.000987  0.001854 6.359e-06 1.062e-06   0.06877   0.01292         0
     3/299     6.44G   0.08804   0.03056         0    0.1186       240       640  0.006147  0.004634 3.316e-05 5.675e-06   0.06589   0.01259         0
     4/299     6.44G   0.08105    0.0316         0    0.1127       233       640   0.01394   0.01019 0.0002903 3.411e-05   0.06412   0.01283         0
     5/299     6.44G   0.07815   0.02938         0    0.1075       226       640  0.002838  0.002162 1.487e-05 3.895e-06   0.06364    0.0161         0
     6/299     6.44G   0.07037   0.03021         0    0.1006       268       640   0.01123   0.01514  0.000225 3.837e-05   0.05896   0.02009         0
     7/299     6.44G   0.06482   0.03232         0   0.09714       243       640   0.00914   0.01668 0.0002362 3.018e-05   0.05602   0.02393         0
     8/299     6.44G   0.06112    0.0327         0   0.09382       226       640 0.0002902  0.001854 2.125e-06 2.513e-07   0.06428   0.02213         0
     9/299     6.44G   0.06064   0.03004         0   0.09069       259       640  0.003302  0.006487  4.36e-05 4.611e-06   0.06272   0.01932         0
    10/299     6.44G   0.06517   0.03027         0   0.09544       265       640   0.02772   0.07538  0.003372 0.0003966   0.05384   0.02123         0
    11/299     6.44G   0.05952   0.03074         0   0.09026       189       640  0.001292  0.006179 9.077e-06 1.274e-06   0.06074    0.0237         0
    12/299     6.44G   0.05196   0.02985         0   0.08181       251       640  0.003107   0.04541  0.000182 2.227e-05   0.05966   0.02007         0
    13/299     6.44G   0.05316   0.02939         0   0.08256       238       640  0.001729   0.01699 4.322e-05 5.153e-06   0.05768   0.02181         0
    14/299     6.44G   0.05662   0.02987         0   0.08649       215       640   0.01222   0.04325 0.0008306 0.0001012   0.05618   0.02165         0
    15/299     6.44G   0.05144   0.02744         0   0.07888       189       640   0.02596   0.04634    0.0026 0.0002988   0.05452   0.02558         0
    16/299     6.44G   0.04488   0.02751         0   0.07239       285       640  0.003895   0.01792 0.0001291 1.578e-05   0.05552   0.02285         0
    17/299     6.44G   0.05089   0.02907         0   0.07996       239       640   0.01553   0.01884 0.0005704 6.744e-05     0.055    0.0254         0
    18/299     6.44G   0.04887   0.02845         0   0.07732       229       640   0.02818   0.06487   0.00316 0.0003528   0.05646   0.02402         0
    19/299     6.44G   0.04662    0.0281         0   0.07472       249       640   0.02638   0.01946 0.0009599 0.0001178   0.05475   0.02544         0
    20/299     6.44G   0.04525   0.02651         0   0.07176       182       640  0.002586   0.01514 6.153e-05 6.657e-06   0.05724   0.02304         0
    21/299     6.44G   0.04913   0.02711         0   0.07625       263       640   0.07466    0.1591   0.01662  0.002114   0.04916   0.02495         0
    22/299     6.44G   0.04517   0.02526         0   0.07043       202       640   0.03299   0.07692  0.003766 0.0004251    0.0554   0.02434         0
    23/299     6.44G   0.04206   0.02569         0   0.06775       249       640  0.001533  0.008032 2.233e-05 2.862e-06   0.06121   0.03008         0
    24/299     6.44G   0.04122   0.02489         0   0.06611       221       640  0.008438    0.0519 0.0007683 9.313e-05   0.05053   0.02616         0
    25/299     6.44G   0.04144   0.02451         0   0.06595       232       640  0.006316   0.02441 0.0002777 3.372e-05   0.05667   0.02401         0
    26/299     6.44G   0.04285   0.02497         0   0.06782       234       640  0.001402  0.006179 1.478e-05 1.718e-06   0.05782   0.01958         0
    27/299     6.44G   0.04534    0.0254         0   0.07073       223       640   0.01437   0.05036  0.001274 0.0001434   0.05146   0.02226         0
    28/299     6.44G   0.04768   0.02492         0    0.0726       268       640   0.02277   0.07291  0.001923 0.0003263   0.05569   0.01611         0
    29/299     6.44G   0.04093    0.0248         0   0.06574       185       640  0.007984     0.038 0.0004681 5.905e-05   0.05756   0.02557         0
    30/299     6.44G   0.04586   0.02512         0   0.07098       243       640 0.0001379 0.0009268 1.056e-06 1.505e-07    0.0601   0.02426         0
    31/299     6.44G   0.04491   0.02349         0    0.0684       224       640   0.01018   0.02379 0.0004264 5.033e-05   0.05277   0.02484         0
    32/299     6.44G    0.0466   0.02351         0   0.07011       183       640 0.0005037 0.0006179 2.668e-06 2.668e-07   0.06055   0.03009         0
    33/299     6.44G    0.0442   0.02288         0   0.06708       225       640 0.0006074  0.001545 3.742e-06 4.656e-07   0.06117   0.02763         0
    34/299     6.44G   0.04275   0.02318         0   0.06593       265       640   0.00182  0.008341 3.229e-05 3.576e-06   0.05519   0.02687         0
    35/299     6.44G   0.03984   0.02167         0   0.06151       280       640   0.01414   0.03892 0.0008533 9.232e-05   0.05771   0.02854         0
    36/299     6.44G   0.04303   0.02204         0   0.06507       222       640  0.001125  0.004016 1.443e-05 1.616e-06   0.06033   0.02807         0
    37/299     6.44G   0.04095   0.02138         0   0.06234       264       640  0.000149 0.0006179 8.693e-07 8.693e-08   0.06245   0.02785         0
    38/299     6.44G   0.03866   0.02252         0   0.06118       196       640  0.002119  0.009577 4.089e-05 4.801e-06   0.05389   0.02941         0
    39/299     6.44G   0.03923   0.02155         0   0.06079       237       640  0.001078  0.001236 6.094e-06 6.296e-07      0.06   0.03125         0
    40/299     6.44G   0.03557    0.0218         0   0.05738       238       640  0.003383  0.006796 3.578e-05 4.322e-06   0.05474   0.02971         0
    41/299     6.44G   0.04214   0.02246         0    0.0646       210       640  0.001051  0.001854 6.876e-06  1.14e-06   0.05485   0.02442         0
    42/299     6.44G   0.04182   0.02151         0   0.06333       256       640   0.01718   0.03275 0.0008533 9.443e-05   0.05342   0.02888         0
    43/299     6.44G   0.03698   0.02126         0   0.05824       228       640 0.0001142  0.001236 9.626e-07 1.202e-07   0.05882   0.02759         0
    44/299     6.44G   0.03919   0.02112         0   0.06032       237       640 0.0002343 0.0009268 1.606e-06 1.606e-07    0.0597   0.03081         0
    45/299     6.44G   0.03859   0.02146         0   0.06005       262       640  0.002423  0.003398 3.325e-05 3.996e-06   0.05535   0.02909         0
    46/299     6.44G   0.03578   0.02118         0   0.05695       227       640 5.709e-05 0.0006179 3.362e-07 3.362e-08   0.05583   0.03275         0
    47/299     6.44G   0.04233   0.02165         0   0.06398       188       640 7.735e-05 0.0003089 4.454e-07  6.58e-08    0.0602   0.03076         0
    48/299     6.44G     0.036   0.02115         0   0.05715       211       640 0.0004058  0.001236 2.389e-06  3.06e-07   0.05735   0.03355         0
    49/299     6.44G   0.03805   0.02199         0   0.06004       269       640  3.38e-05 0.0003089 1.943e-07 1.943e-08   0.05855   0.03037         0
    50/299     6.44G   0.03433   0.02052         0   0.05486       228       640 3.276e-05 0.0003089 1.962e-07 1.962e-08   0.05783   0.03273         0
    51/299     6.44G   0.03516   0.02052         0   0.05568       272       640  0.000544 0.0006179 3.476e-06 5.386e-07   0.05647   0.03059         0
    52/299     6.44G   0.03684   0.02129         0   0.05813       242       640  0.004499  0.008032 8.554e-05 9.449e-06   0.05489   0.02996         0
    53/299     6.44G   0.03369   0.02084         0   0.05453       208       640  0.001891  0.003089 1.122e-05 1.149e-06   0.05671   0.02456         0
    54/299     6.44G   0.03281   0.02114         0   0.05395       235       640 0.0006784  0.002471 5.515e-06 6.055e-07   0.05784   0.03226         0
    55/299     6.44G   0.03505   0.02065         0   0.05569       244       640 0.0001876 0.0003089 9.676e-07 9.676e-08   0.05838   0.03358         0
    56/299     6.44G   0.03954   0.02064         0   0.06018       227       640 0.0001481 0.0003089 8.393e-07 1.317e-07    0.0585   0.03342         0
    57/299     6.44G   0.03241   0.01967         0   0.05208       232       640 3.227e-05 0.0003089 2.175e-07 2.175e-08   0.05597   0.03269         0
    58/299     6.44G   0.02695   0.01922         0   0.04617       242       640 0.0002625  0.001545  1.97e-06 2.321e-07   0.05554   0.03113         0
    59/299     6.44G   0.03576   0.01952         0   0.05528       220       640 0.0002837 0.0003089 1.456e-06 1.456e-07   0.05323   0.03047         0
    60/299     6.44G   0.03256   0.01824         0    0.0508       227       640         0         0         0         0   0.05653   0.03087         0
    61/299     6.44G   0.02916   0.01899         0   0.04815       189       640 0.0002246 0.0006179 1.704e-06 2.011e-07   0.05616   0.03186         0
    62/299     6.44G   0.02979   0.01915         0   0.04894       225       640         0         0         0         0   0.05728   0.03303         0
    63/299     6.44G   0.02715   0.01787         0   0.04503       218       640         0         0         0         0   0.05859   0.03495         0
    64/299     6.44G   0.03018   0.01744         0   0.04762       185       640         0         0         0         0   0.05626   0.03442         0
    65/299     6.44G   0.02551   0.01729         0   0.04281       195       640         0         0         0         0   0.05913   0.03561         0
    66/299     6.44G   0.02734   0.01776         0    0.0451       179       640 0.0005993 0.0006179  3.11e-06  3.11e-07   0.05446   0.03237         0
    67/299     6.44G   0.03111   0.01788         0   0.04899       196       640         0         0         0         0   0.05437   0.03087         0
    68/299     6.44G   0.02835   0.01822         0   0.04657       276       640         0         0         0         0   0.05456   0.03497         0
    69/299     6.44G   0.02618   0.01691         0   0.04309       182       640 0.0005944 0.0006179 3.199e-06 3.199e-07   0.05686   0.03869         0
    70/299     6.44G   0.02769   0.01748         0   0.04517       274       640 0.0001474 0.0006179 1.206e-06 1.206e-07   0.05727   0.03819         0
    71/299     6.44G   0.02578   0.01821         0     0.044       190       640         0         0         0         0   0.05719   0.03684         0
    72/299     6.44G   0.02544     0.017         0   0.04244       233       640 4.761e-05 0.0003089 3.433e-07 3.433e-08   0.05686   0.03616         0
    73/299     6.44G   0.02474   0.01807         0   0.04281       265       640         0         0         0         0   0.05783   0.03664         0
    74/299     6.44G   0.03083    0.0167         0   0.04753       182       640         0         0         0         0   0.05439   0.03535         0
    75/299     6.44G   0.02829   0.01697         0   0.04525       212       640         0         0         0         0   0.05487   0.03486         0
    76/299     6.44G    0.0277    0.0171         0   0.04481       246       640         0         0         0         0   0.05222   0.03636         0
    77/299     6.44G   0.02458   0.01772         0    0.0423       225       640         0         0         0         0   0.05524   0.03627         0
    78/299     6.44G   0.02804   0.01692         0   0.04496       284       640         0         0         0         0   0.05715   0.03628         0
    79/299     6.44G    0.0273   0.01638         0   0.04368       238       640         0         0         0         0   0.05702   0.03868         0
    80/299     6.44G   0.02632   0.01646         0   0.04277       213       640         0         0         0         0   0.05809    0.0373         0
    81/299     6.44G   0.02419   0.01626         0   0.04045       265       640         0         0         0         0   0.05797   0.03801         0
    82/299     6.44G   0.02273   0.01638         0   0.03911       256       640 5.442e-05 0.0003089 3.928e-07 3.928e-08   0.05469    0.0371         0
    83/299     6.44G   0.02481    0.0168         0    0.0416       247       640         0         0         0         0   0.05457    0.0355         0
    84/299     6.44G   0.02652   0.01708         0    0.0436       297       640         0         0         0         0   0.05408   0.03532         0
    85/299     6.44G   0.02453   0.01593         0   0.04047       260       640         0         0         0         0   0.05453   0.03412         0
    86/299     6.44G   0.02074   0.01591         0   0.03665       238       640         0         0         0         0   0.05609   0.04056         0
    87/299     6.44G   0.02472    0.0164         0   0.04112       226       640         0         0         0         0   0.05615   0.03976         0
    88/299     6.44G    0.0274   0.01605         0   0.04345       244       640         0         0         0         0   0.05597   0.03899         0
    89/299     6.44G   0.02333   0.01537         0    0.0387       222       640         0         0         0         0   0.05663   0.04057         0
    90/299     6.44G   0.02209   0.01519         0   0.03728       201       640         0         0         0         0   0.05725   0.04165         0
    91/299     6.44G   0.02107   0.01497         0   0.03604       221       640         0         0         0         0   0.05708   0.04105         0
    92/299     6.44G    0.0248   0.01594         0   0.04074       283       640         0         0         0         0   0.05633   0.04248         0
    93/299     6.44G   0.02439   0.01579         0   0.04019       180       640 0.0001105 0.0003089 6.122e-07 6.122e-08   0.05695   0.04312         0
    94/299     6.44G   0.02375   0.01521         0   0.03896       199       640 0.0001528 0.0003089 8.776e-07 8.776e-08   0.05515   0.04089         0
    95/299     6.44G   0.02321   0.01481         0   0.03801       209       640 0.0002569 0.0003089 1.315e-06 1.315e-07   0.05416   0.03874         0
    96/299     6.44G   0.01803    0.0156         0   0.03363       245       640         0         0         0         0     0.056   0.03908         0
    97/299     6.44G   0.02217   0.01498         0   0.03715       213       640 7.659e-05 0.0003089 5.354e-07 5.354e-08   0.05601   0.04153         0
    98/299     6.44G   0.02183   0.01499         0   0.03682       172       640         0         0         0         0   0.05847   0.04313         0
    99/299     6.44G   0.02235   0.01524         0   0.03759       249       640 6.679e-05 0.0003089 4.186e-07 4.186e-08   0.05739   0.04166         0
   100/299     6.44G   0.02514   0.01603         0   0.04117       228       640         0         0         0         0    0.0587   0.04084         0
   101/299     6.44G   0.02163   0.01588         0   0.03751       267       640         0         0         0         0   0.05732   0.04112         0
   102/299     6.44G   0.02318   0.01591         0    0.0391       233       640         0         0         0         0   0.05583   0.04117         0
   103/299     6.44G   0.02093   0.01514         0   0.03607       263       640         0         0         0         0   0.05642   0.04275         0
   104/299     6.44G   0.01955   0.01528         0   0.03483       171       640         0         0         0         0   0.05553   0.04405         0
   105/299     6.44G   0.01753   0.01518         0   0.03271       167       640         0         0         0         0   0.05657   0.04416         0
   106/299     6.44G   0.02169   0.01443         0   0.03612       198       640         0         0         0         0   0.05717   0.04536         0
   107/299     6.44G    0.0201    0.0155         0    0.0356       233       640         0         0         0         0   0.05778   0.04463         0
   108/299     6.44G    0.0228    0.0153         0    0.0381       233       640         0         0         0         0   0.05724   0.04294         0
   109/299     6.44G   0.01871   0.01412         0   0.03283       220       640         0         0         0         0   0.05667   0.04491         0
   110/299     6.44G   0.01929   0.01464         0   0.03393       259       640         0         0         0         0   0.05685   0.04511         0
   111/299     6.44G   0.02272   0.01498         0   0.03771       173       640         0         0         0         0   0.05745   0.04564         0
   112/299     6.44G   0.02515   0.01474         0   0.03989       192       640         0         0         0         0   0.05814    0.0426         0
   113/299     6.44G   0.02171   0.01441         0   0.03611       254       640         0         0         0         0   0.05779   0.04323         0
   114/299     6.44G   0.01995   0.01452         0   0.03447       236       640         0         0         0         0   0.05554   0.04291         0
   115/299     6.44G   0.01902    0.0143         0   0.03333       227       640         0         0         0         0   0.05549   0.04163         0
   116/299     6.44G   0.02007   0.01461         0   0.03469       256       640         0         0         0         0   0.05546   0.04157         0
   117/299     6.44G    0.0189   0.01438         0   0.03328       228       640         0         0         0         0   0.05523   0.04361         0
   118/299     6.44G   0.01965   0.01446         0    0.0341       203       640         0         0         0         0   0.05713    0.0435         0
   119/299     6.44G   0.01953   0.01387         0    0.0334       232       640         0         0         0         0   0.05754   0.04481         0
   120/299     6.44G    0.0185   0.01478         0   0.03328       340       640         0         0         0         0   0.05737   0.04367         0
   121/299     6.44G   0.01925   0.01378         0   0.03302       199       640         0         0         0         0   0.05743   0.04557         0
   122/299     6.44G   0.01778   0.01329         0   0.03106       195       640         0         0         0         0   0.05574   0.04486         0
   123/299     6.44G   0.01724   0.01357         0   0.03081       192       640         0         0         0         0   0.05649   0.04456         0
   124/299     6.44G   0.01579   0.01407         0   0.02985       271       640         0         0         0         0   0.05575    0.0438         0
   125/299     6.44G     0.018   0.01349         0    0.0315       165       640         0         0         0         0   0.05716   0.04659         0
   126/299     6.44G   0.01603   0.01269         0   0.02871       180       640         0         0         0         0   0.05651   0.04721         0
   127/299     6.44G   0.01859   0.01447         0   0.03306       213       640         0         0         0         0   0.05658   0.04654         0
   128/299     6.44G   0.01571    0.0137         0   0.02941       269       640         0         0         0         0   0.05678   0.04585         0
   129/299     6.44G   0.01771    0.0139         0   0.03161       210       640         0         0         0         0   0.05763   0.04661         0
   130/299     6.44G   0.01786   0.01333         0   0.03119       188       640         0         0         0         0   0.05507   0.04563         0
   131/299     6.44G   0.01802   0.01379         0   0.03181       235       640         0         0         0         0   0.05524    0.0437         0
   132/299     6.44G   0.01906   0.01445         0    0.0335       264       640         0         0         0         0   0.05513   0.04272         0
   133/299     6.44G   0.01787   0.01317         0   0.03104       223       640         0         0         0         0   0.05494   0.04478         0
   134/299     6.44G   0.01722   0.01311         0   0.03033       195       640         0         0         0         0    0.0573   0.04837         0
   135/299     6.44G   0.01906   0.01352         0   0.03258       238       640         0         0         0         0   0.05767   0.04674         0
   136/299     6.44G   0.01851   0.01352         0   0.03203       183       640         0         0         0         0   0.05702   0.04502         0
   137/299     6.44G   0.01494   0.01286         0    0.0278       244       640         0         0         0         0   0.05688   0.04709         0
   138/299     6.44G   0.01536   0.01291         0   0.02827       191       640         0         0         0         0   0.05614   0.04821         0
   139/299     6.44G   0.01573   0.01336         0   0.02908       231       640         0         0         0         0   0.05615   0.04845         0
   140/299     6.44G    0.0179    0.0127         0    0.0306       164       640         0         0         0         0   0.05647   0.04685         0
   141/299     6.44G   0.01674   0.01241         0   0.02914       223       640         0         0         0         0   0.05646   0.05042         0
   142/299     6.44G   0.01773   0.01327         0     0.031       192       640         0         0         0         0   0.05577   0.04975         0
   143/299     6.44G   0.01673   0.01325         0   0.02998       214       640         0         0         0         0     0.055   0.04846         0
   144/299     6.44G   0.01698   0.01323         0   0.03021       267       640         0         0         0         0   0.05579   0.04773         0
   145/299     6.44G   0.01533   0.01269         0   0.02802       265       640         0         0         0         0   0.05558   0.04979         0
   146/299     6.44G   0.01512    0.0131         0   0.02822       168       640         0         0         0         0   0.05717   0.05097         0
   147/299     6.44G   0.01759   0.01349         0   0.03108       179       640         0         0         0         0   0.05709   0.04947         0
   148/299     6.44G   0.01428   0.01316         0   0.02744       240       640         0         0         0         0   0.05715   0.04852         0
   149/299     6.44G   0.01481   0.01204         0   0.02685       152       640         0         0         0         0   0.05708   0.05018         0
   150/299     6.44G   0.01349   0.01213         0   0.02562       173       640         0         0         0         0   0.05729   0.05219         0
   151/299     6.44G   0.01621    0.0128         0   0.02901       260       640         0         0         0         0   0.05687   0.05064         0
   152/299     6.44G    0.0149   0.01276         0   0.02765       197       640         0         0         0         0   0.05765   0.04788         0
   153/299     6.44G    0.0156    0.0132         0    0.0288       266       640         0         0         0         0   0.05681   0.04749         0
   154/299     6.44G    0.0168   0.01246         0   0.02927       260       640         0         0         0         0   0.05569   0.04803         0
   155/299     6.44G   0.01407    0.0127         0   0.02677       250       640         0         0         0         0    0.0563   0.05074         0
   156/299     6.44G   0.01679   0.01274         0   0.02953       181       640         0         0         0         0    0.0567   0.05146         0
   157/299     6.44G   0.01334   0.01176         0    0.0251       241       640         0         0         0         0   0.05555   0.05128         0
   158/299     6.44G   0.01376   0.01251         0   0.02627       150       640         0         0         0         0   0.05667   0.05188         0
   159/299     6.44G   0.01279   0.01245         0   0.02524       248       640         0         0         0         0   0.05697   0.05292         0
   160/299     6.44G   0.01609    0.0127         0   0.02879       212       640         0         0         0         0   0.05714   0.05155         0
   161/299     6.44G   0.01275   0.01201         0   0.02477       295       640         0         0         0         0    0.0567   0.05107         0
   162/299     6.44G   0.01188   0.01124         0   0.02312       223       640         0         0         0         0   0.05548   0.05254         0
   163/299     6.44G   0.01295   0.01213         0   0.02507       289       640         0         0         0         0   0.05566   0.05108         0
   164/299     6.44G   0.01554    0.0122         0   0.02773       255       640         0         0         0         0   0.05552   0.04962         0
   165/299     6.44G   0.01187   0.01201         0   0.02388       228       640         0         0         0         0   0.05583   0.05004         0
   166/299     6.44G   0.01555   0.01198         0   0.02753       206       640         0         0         0         0   0.05642   0.05259         0
   167/299     6.44G   0.01477   0.01195         0   0.02672       185       640         0         0         0         0   0.05664   0.05332         0
   168/299     6.44G   0.01552   0.01254         0   0.02807       253       640         0         0         0         0   0.05676   0.05273         0
   169/299     6.44G   0.01341   0.01129         0    0.0247       174       640         0         0         0         0   0.05641   0.05269         0
   170/299     6.44G   0.01161    0.0111         0   0.02271       280       640         0         0         0         0   0.05677   0.05532         0
   171/299     6.44G    0.0128   0.01218         0   0.02499       193       640         0         0         0         0   0.05687   0.05471         0
   172/299     6.44G   0.01347    0.0124         0   0.02587       317       640         0         0         0         0   0.05706   0.05289         0
   173/299     6.44G   0.01291   0.01137         0   0.02427       196       640         0         0         0         0    0.0571   0.05194         0
   174/299     6.44G   0.01407   0.01201         0   0.02608       228       640         0         0         0         0   0.05648   0.05158         0
   175/299     6.44G   0.01333   0.01225         0   0.02558       253       640         0         0         0         0   0.05611   0.05354         0
   176/299     6.44G   0.01327   0.01167         0   0.02495       163       640         0         0         0         0   0.05573   0.05315         0
   177/299     6.44G   0.01213   0.01172         0   0.02386       250       640         0         0         0         0   0.05593   0.05365         0
   178/299     6.44G   0.01139   0.01128         0   0.02268       212       640         0         0         0         0   0.05681   0.05472         0
   179/299     6.44G   0.01437   0.01163         0     0.026       162       640         0         0         0         0   0.05682   0.05283         0
   180/299     6.44G   0.01432   0.01163         0   0.02595       247       640         0         0         0         0   0.05712   0.05228         0
   181/299     6.44G   0.01327   0.01151         0   0.02478       266       640         0         0         0         0   0.05726   0.05348         0
   182/299     6.44G   0.01213   0.01143         0   0.02356       270       640         0         0         0         0   0.05617    0.0547         0
   183/299     6.44G   0.01297   0.01202         0   0.02499       266       640         0         0         0         0   0.05605   0.05529         0
   184/299     6.44G   0.01369   0.01134         0   0.02502       267       640         0         0         0         0   0.05587   0.05458         0
   185/299     6.44G   0.01161   0.01084         0   0.02245       148       640         0         0         0         0   0.05575   0.05491         0
   186/299     6.44G   0.01393   0.01185         0   0.02579       226       640         0         0         0         0   0.05683    0.0553         0
   187/299     6.44G   0.01085   0.01082         0   0.02167       170       640         0         0         0         0   0.05667   0.05554         0
   188/299     6.44G   0.01265   0.01076         0   0.02341       207       640         0         0         0         0   0.05656   0.05619         0
   189/299     6.44G   0.01197   0.01061         0   0.02258       207       640         0         0         0         0   0.05675   0.05753         0
   190/299     6.44G   0.01266   0.01112         0   0.02378       284       640         0         0         0         0   0.05591   0.05581         0
   191/299     6.44G   0.01166   0.01124         0    0.0229       232       640         0         0         0         0   0.05608    0.0549         0
   192/299     6.44G   0.01119   0.01084         0   0.02203       291       640         0         0         0         0   0.05592   0.05574         0
   193/299     6.44G   0.01178   0.01128         0   0.02306       274       640         0         0         0         0    0.0559   0.05712         0
   194/299     6.44G   0.01002   0.01006         0   0.02008       286       640         0         0         0         0   0.05714   0.05704         0
   195/299     6.44G   0.01269   0.01139         0   0.02409       200       640         0         0         0         0   0.05694    0.0564         0
   196/299     6.44G   0.01099   0.01154         0   0.02253       236       640         0         0         0         0     0.057   0.05545         0
   197/299     6.44G   0.01356   0.01127         0   0.02483       219       640         0         0         0         0   0.05687   0.05523         0
   198/299     6.44G   0.01102   0.01092         0   0.02194       165       640         0         0         0         0   0.05594   0.05576         0
   199/299     6.44G   0.01075   0.01056         0   0.02131       187       640         0         0         0         0     0.056   0.05652         0
   200/299     6.44G   0.01145     0.011         0   0.02245       207       640 0.0002459 0.0003089 1.287e-06 1.287e-07   0.05582   0.05769         0
   201/299     6.44G   0.01131   0.01052         0   0.02184       184       640         0         0         0         0   0.05576   0.05841         0
   202/299     6.44G   0.01197   0.01128         0   0.02325       244       640         0         0         0         0   0.05684   0.05787         0
   203/299     6.44G   0.01071   0.01096         0   0.02166       152       640         0         0         0         0    0.0568   0.05762         0
   204/299     6.44G   0.01252   0.01106         0   0.02358       178       640         0         0         0         0   0.05685    0.0564         0
   205/299     6.44G   0.01086   0.01042         0   0.02129       168       640         0         0         0         0   0.05672   0.05689         0
   206/299     6.44G    0.0108   0.01085         0   0.02165       209       640         0         0         0         0   0.05593   0.05765         0
   207/299     6.44G    0.0111   0.01048         0   0.02157       220       640         0         0         0         0   0.05602    0.0579         0
   208/299     6.44G   0.01101   0.01108         0   0.02208       223       640         0         0         0         0   0.05607   0.05826         0
   209/299     6.44G  0.009677   0.01027         0   0.01995       185       640         0         0         0         0   0.05612   0.05867         0
   210/299     6.44G   0.01012   0.01039         0   0.02051       227       640 0.0002205 0.0003089 1.211e-06 1.211e-07   0.05679   0.05988         0
   211/299     6.44G  0.009669   0.01057         0   0.02024       206       640         0         0         0         0   0.05655   0.05905         0
   212/299     6.44G   0.01191   0.01095         0   0.02285       212       640         0         0         0         0    0.0567   0.05798         0
   213/299     6.44G   0.01002   0.01059         0    0.0206       239       640 0.0001945 0.0003089 1.053e-06 1.053e-07   0.05673   0.05888         0
   214/299     6.44G   0.01117   0.01052         0   0.02169       229       640         0         0         0         0   0.05627   0.05882         0
   215/299     6.44G  0.009944   0.01028         0   0.02023       222       640         0         0         0         0   0.05622   0.05902         0
   216/299     6.44G  0.009907   0.01036         0   0.02026       192       640         0         0         0         0    0.0562   0.05994         0
   217/299     6.44G  0.008836   0.01001         0   0.01885       236       640         0         0         0         0   0.05591   0.06047         0
   218/299     6.44G   0.01099   0.01004         0   0.02103       188       640         0         0         0         0   0.05676   0.06054         0
   219/299     6.44G   0.01034    0.0103         0   0.02064       271       640         0         0         0         0   0.05635     0.061         0
   220/299     6.44G   0.01078   0.00984         0   0.02062       226       640         0         0         0         0   0.05671   0.06131         0
   221/299     6.44G   0.01045   0.01006         0   0.02051       266       640         0         0         0         0   0.05684   0.06093         0
   222/299     6.44G  0.009895   0.01002         0   0.01992       236       640         0         0         0         0   0.05653     0.061         0
   223/299     6.44G  0.008981  0.009927         0   0.01891       202       640         0         0         0         0   0.05654    0.0617         0
   224/299     6.44G    0.0113   0.01014         0   0.02143       258       640         0         0         0         0   0.05638   0.06168         0
   225/299     6.44G   0.01135   0.01017         0   0.02152       159       640         0         0         0         0   0.05656    0.0611         0
   226/299     6.44G  0.009858   0.01006         0   0.01991       291       640         0         0         0         0   0.05653   0.06073         0
   227/299     6.44G  0.008926   0.01003         0   0.01895       224       640         0         0         0         0   0.05636   0.06187         0
   228/299     6.44G   0.01056  0.009425         0   0.01998       191       640         0         0         0         0   0.05646   0.06219         0
   229/299     6.44G   0.00916   0.01019         0   0.01935       243       640         0         0         0         0    0.0565   0.06249         0
   230/299     6.44G    0.0082  0.009895         0   0.01809       201       640         0         0         0         0   0.05655   0.06285         0
   231/299     6.44G   0.01007  0.009985         0   0.02005       260       640         0         0         0         0    0.0565     0.062         0
   232/299     6.44G  0.009282  0.009703         0   0.01898       240       640         0         0         0         0   0.05645   0.06106         0
   233/299     6.44G  0.009973   0.01035         0   0.02033       213       640         0         0         0         0   0.05635   0.06095         0
   234/299     6.44G  0.009651  0.009954         0   0.01961       232       640         0         0         0         0   0.05649   0.06184         0
   235/299     6.44G  0.008761   0.00986         0   0.01862       219       640         0         0         0         0   0.05664   0.06202         0
   236/299     6.44G  0.008615  0.009883         0    0.0185       245       640         0         0         0         0   0.05659   0.06184         0
   237/299     6.44G  0.008601    0.0097         0    0.0183       260       640         0         0         0         0   0.05657   0.06182         0
   238/299     6.44G  0.009494  0.009747         0   0.01924       178       640         0         0         0         0   0.05624   0.06208         0
   239/299     6.44G  0.008825  0.009517         0   0.01834       212       640         0         0         0         0   0.05632   0.06233         0
   240/299     6.44G   0.01042   0.00965         0   0.02007       243       640         0         0         0         0   0.05624    0.0623         0
   241/299     6.44G   0.01002    0.0098         0   0.01982       206       640         0         0         0         0   0.05627    0.0625         0
   242/299     6.44G  0.008483   0.01017         0   0.01865       240       640         0         0         0         0   0.05632   0.06267         0
   243/299     6.44G   0.00854   0.00957         0   0.01811       168       640         0         0         0         0   0.05638    0.0632         0
   244/299     6.44G  0.008775  0.009966         0   0.01874       225       640         0         0         0         0   0.05646   0.06363         0
   245/299     6.44G   0.00798  0.009703         0   0.01768       192       640         0         0         0         0   0.05636   0.06369         0
   246/299     6.44G  0.008801  0.009102         0    0.0179       204       640         0         0         0         0   0.05621   0.06389         0
   247/299     6.44G  0.008624    0.0096         0   0.01822       236       640         0         0         0         0   0.05656   0.06349         0
   248/299     6.44G   0.01062  0.009929         0   0.02055       209       640         0         0         0         0   0.05649   0.06304         0
   249/299     6.44G   0.01012   0.01026         0   0.02038       227       640         0         0         0         0    0.0565   0.06312         0
   250/299     6.44G  0.007732  0.009618         0   0.01735       191       640         0         0         0         0   0.05616   0.06299         0
   251/299     6.44G  0.009311  0.009305         0   0.01862       199       640         0         0         0         0    0.0563   0.06312         0
   252/299     6.44G  0.008105  0.009735         0   0.01784       237       640         0         0         0         0   0.05606   0.06352         0
   253/299     6.44G  0.009465  0.009467         0   0.01893       258       640         0         0         0         0   0.05623    0.0636         0
   254/299     6.44G  0.008517  0.009997         0   0.01851       263       640         0         0         0         0   0.05664   0.06401         0
   255/299     6.44G   0.01087  0.009696         0   0.02057       190       640         0         0         0         0   0.05639   0.06396         0
   256/299     6.44G  0.008972  0.009446         0   0.01842       125       640         0         0         0         0    0.0563   0.06371         0
   257/299     6.44G  0.008726  0.009498         0   0.01822       232       640         0         0         0         0   0.05637   0.06422         0
   258/299     6.44G  0.007897  0.009455         0   0.01735       227       640         0         0         0         0   0.05637    0.0648         0
   259/299     6.44G  0.007967  0.009116         0   0.01708       246       640         0         0         0         0   0.05631   0.06527         0
   260/299     6.44G  0.008721  0.009859         0   0.01858       200       640         0         0         0         0   0.05614   0.06514         0
   261/299     6.44G  0.007644  0.009515         0   0.01716       248       640         0         0         0         0   0.05631   0.06466         0
   262/299     6.44G  0.008258  0.009684         0   0.01794       225       640         0         0         0         0   0.05635   0.06481         0
   263/299     6.44G  0.007135  0.009407         0   0.01654       216       640         0         0         0         0   0.05638   0.06447         0
   264/299     6.44G  0.008605  0.009435         0   0.01804       203       640         0         0         0         0   0.05632   0.06415         0
   265/299     6.44G  0.008651   0.00948         0   0.01813       239       640         0         0         0         0   0.05639    0.0645         0
   266/299     6.44G  0.008771  0.009036         0   0.01781       187       640         0         0         0         0    0.0563   0.06481         0
   267/299     6.44G  0.008234  0.009341         0   0.01758       229       640         0         0         0         0   0.05637   0.06542         0
   268/299     6.44G  0.008631  0.009277         0   0.01791       196       640         0         0         0         0   0.05613    0.0656         0
   269/299     6.44G  0.007527  0.009612         0   0.01714       259       640         0         0         0         0   0.05638   0.06491         0
   270/299     6.44G  0.007957  0.009505         0   0.01746       175       640         0         0         0         0   0.05648   0.06459         0
   271/299     6.44G   0.00829  0.009625         0   0.01792       230       640         0         0         0         0   0.05638   0.06448         0
   272/299     6.44G  0.008028   0.00968         0   0.01771       264       640         0         0         0         0   0.05642   0.06479         0
   273/299     6.44G  0.009197  0.009715         0   0.01891       241       640         0         0         0         0   0.05653   0.06516         0
   274/299     6.44G  0.007129  0.009496         0   0.01662       263       640         0         0         0         0   0.05629   0.06444         0
   275/299     6.44G  0.007455  0.009313         0   0.01677       177       640         0         0         0         0   0.05638   0.06388         0
   276/299     6.44G  0.008201  0.009598         0    0.0178       222       640         0         0         0         0   0.05652   0.06424         0
   277/299     6.44G  0.007698  0.009661         0   0.01736       237       640         0         0         0         0   0.05653   0.06463         0
   278/299     6.44G  0.007206  0.009106         0   0.01631       218       640 0.0001656 0.0003089 9.965e-07 9.965e-08   0.05641   0.06418         0
   279/299     6.44G  0.008228  0.009315         0   0.01754       287       640         0         0         0         0   0.05648   0.06411         0
   280/299     6.44G  0.007787  0.009501         0   0.01729       205       640         0         0         0         0   0.05637   0.06461         0
   281/299     6.44G   0.00836  0.009472         0   0.01783       256       640         0         0         0         0   0.05641   0.06565         0
   282/299     6.44G  0.008877  0.009249         0   0.01813       153       640         0         0         0         0    0.0565   0.06616         0
   283/299     6.44G  0.008627  0.008952         0   0.01758       185       640         0         0         0         0   0.05645   0.06594         0
   284/299     6.44G  0.008926  0.009142         0   0.01807       186       640         0         0         0         0   0.05628   0.06512         0
   285/299     6.44G  0.009779  0.009191         0   0.01897       240       640         0         0         0         0   0.05637    0.0644         0
   286/299     6.44G  0.007723  0.009324         0   0.01705       204       640         0         0         0         0   0.05615   0.06475         0
   287/299     6.44G   0.00741  0.008921         0   0.01633       241       640         0         0         0         0   0.05635   0.06557         0
   288/299     6.44G   0.00785  0.009216         0   0.01707       202       640         0         0         0         0   0.05654   0.06578         0
   289/299     6.44G  0.008553  0.009178         0   0.01773       218       640         0         0         0         0   0.05654   0.06612         0
   290/299     6.44G  0.008817  0.009902         0   0.01872       255       640         0         0         0         0   0.05649   0.06676         0
   291/299     6.44G  0.008513   0.00936         0   0.01787       258       640         0         0         0         0   0.05639   0.06583         0
   292/299     6.44G  0.008408  0.009083         0   0.01749       175       640         0         0         0         0   0.05642   0.06549         0
   293/299     6.44G  0.008008  0.009053         0   0.01706       182       640         0         0         0         0   0.05642   0.06592         0
   294/299     6.44G  0.007779  0.008643         0   0.01642       194       640         0         0         0         0    0.0564   0.06605         0
   295/299     6.44G   0.00893  0.009149         0   0.01808       228       640         0         0         0         0   0.05636   0.06579         0
   296/299     6.44G  0.008832  0.009277         0   0.01811       229       640         0         0         0         0   0.05625   0.06526         0
   297/299     6.44G  0.008345  0.008992         0   0.01734       200       640         0         0         0         0   0.05621   0.06524         0
   298/299     6.44G  0.008377  0.009099         0   0.01748       162       640         0         0         0         0   0.05638   0.06535         0
   299/299     6.44G  0.007308  0.009912         0   0.01722       252       640         0         0         0         0   0.05636   0.06528         0
